       0.068565          1.520326  0
       0.070648          2.701353  0
       0.056870         28.527285  0
       0.090811          1.484753  -1001
       0.193666         79.658786  0
       0.113331         58.803482  0
       0.150847         93.707925  0
       0.097652          3.399508  0
       0.062187          8.049661  0
       0.076241          0.707711  0
       0.097456          7.244886  0
       0.096405         90.109616  0
       0.136442          1.240687  0
       0.109200        158.419107  0
       0.096697          1.146092  0
       0.114823         93.804190  0
       0.074402          0.332083  0
       0.066940          0.529878  0
       0.087646          2.087397  0
       0.087436          2.078741  0
       0.231339        168.696177  0
       0.085896        129.167879  0
       0.103876         81.999079  0
       0.078220        103.067062  0
       0.071599         89.502054  0
       0.075649         92.446697  0
       0.103774        187.554511  0
       0.059194         60.985515  0
       0.107300         82.271142  0
       0.145400        193.607477  0
       0.174183          8.867588  0
       0.125720         86.072349  0
       0.046748          0.374623  0
       0.074320        130.964300  0
       0.038542          3.130933  0
       0.113938          2.042586  0
       0.090971        210.169501  0
       0.120537          3.175786  0
       0.078777         50.652462  0
       0.194986        147.084427  0
       0.059372         33.340897  0
       0.155707         10.593038  0
       0.082484         61.802648  0
       0.122591         96.072454  0
       0.104695         72.992922  0
       0.098497         45.161073  0
       0.150575        130.806698  0
       0.065809          4.018572  0
       0.088999        173.219820  0
       0.152747          0.850498  -1001
       0.140581          2.058551  0
       0.239132        122.172630  0
       0.086296          2.864104  0
       0.065261        113.361048  0
       0.069762         77.750255  0
       0.110207          1.369875  0
       0.056587          0.056875  -1001
       0.128855         58.087470  0
       0.271833        178.234250  0
       0.235845         94.966170  0
       0.303841        279.105783  0
       0.063583          0.063940  -1001
       0.061888          0.062407  -1001
       0.061394          0.061966  -1001
       0.073536          1.698618  0
       0.089187          1.620093  0
       0.071982          0.493138  0
       0.056609          0.056891  -1001
       0.413867        273.728546  0
       0.140860        103.290963  0
       0.052535          0.931956  0
       0.054316          0.644096  -1001
       0.057310          1.309838  0
       0.089927          2.502136  0
       0.097635        185.854710  0
       0.139351        134.786412  0
       0.307137        323.914349  0
       0.125981        162.575498  0
       0.224002        178.493289  0
       0.133067        188.652936  0
       0.113608         89.992504  -996
       0.109821        170.423306  0
       0.324514         89.201134  0
       0.082008          1.808727  -1001
       0.072453          1.410229  0
       0.106883          2.816468  0
       0.091003        305.818705  0
       0.104629         95.467083  0
       0.085355          2.810578  -1001
       0.130840        255.203738  0
       0.073067          1.820737  0
       0.093906         81.784896  0
       0.095602        176.042496  0
       0.109000          3.907056  0
       0.024368          0.248939  0
       0.164227        206.361188  0
       0.152267        135.229137  0
       0.360873        256.595053  0
       0.064151          1.519540  -1001
       0.128697        141.764226  0
       0.061647          3.117640  0
       0.110566         82.880055  0
       0.078181          4.352100  0
       0.153466         71.940328  0
       0.069982         10.722241  0
       0.103925         15.317687  0
       0.086351          1.537318  -1001
       0.076025          0.406346  0
       0.078426          0.388302  0
       0.092428         16.343978  0
       0.061260          0.327480  -1001
       0.094024         92.901801  0
       0.193365         56.888246  0
       0.094165          2.781176  0
       0.099432          6.032592  0
       0.059004         11.908555  0
       0.079793        169.119380  0
       0.312895        171.438021  0
       0.097640        177.329842  0
       0.088646        145.388711  0
       0.074744         51.898967  0
       0.266197        189.302297  0
       0.112688        213.686864  0
       0.092626          5.402816  0
       0.078092          1.920890  0
       0.102100        101.886905  0
       0.096249         55.860187  0
       0.151873         52.700699  0
       0.085894          4.771670  0
       0.084100          4.391907  0
       0.092199         13.805998  0
       0.124510        206.079068  0
       0.086838        304.637242  0
       0.087871          6.324564  0
       0.120493          5.108439  0
       0.270571         55.549812  0
       0.091707          9.024464  0
       0.068120          1.676058  -1001
       0.088811        200.562365  0
       0.079345          0.644012  0
       0.111204         67.569740  0
       0.071785         10.458894  0
       0.229858         66.128962  0
       0.151426          1.403774  0
       0.295507         94.182075  0
       0.100923         17.396561  0
       0.205055        109.520166  0
       0.122256         60.250678  0
       0.099458        172.774547  0
       0.096487          4.007252  0
       0.191406        276.529249  0
       0.198281         80.936573  0
       0.089506         95.550427  0
       0.111833        102.150312  0
       0.066279          9.757312  0
       0.045160         61.790879  0
       0.098622         59.833082  0
       0.059216          0.643203  -1001
       0.146612         24.676424  0
       0.111575         41.507839  0
       0.123628        236.591390  0
       0.178078         23.473205  -996
       0.062595         32.670976  0
       0.130281         20.784521  0
       0.060780          5.156583  0
       0.097173        174.803535  0
       0.092419         87.261303  0
       0.074757        218.307072  0
       0.159055        271.688347  0
       0.078683         55.100905  0
       0.084959          4.532694  0
       0.319668         77.032566  0
       0.211088        203.743483  0
       0.076998        310.366586  0
       0.095372          5.842981  0
       0.172445         37.426350  0
       0.223448        116.242906  0
       0.102802         10.396020  0
       0.043856         92.707704  0
       0.087221        170.709700  0
       0.083414        154.413746  0
       0.073065         62.609267  0
       0.075350         50.616933  0
       0.125769         68.182522  0
       0.077681         89.385594  0
       0.108409         57.727677  0
       0.068188          0.454440  0
       0.066224          2.583597  0
       0.100542        189.953790  0
       0.094641        351.890483  0
       0.079611        107.775900  0
       0.120161         67.627577  0
       0.136434          9.219812  0
       0.285225          0.895404  0
       0.073971        145.573826  0
       0.064967          0.719106  0
       0.099332         71.827652  0
       0.091234          6.720088  0
       0.085851          2.964982  0
       0.064613         78.695352  0
       0.095764         14.666329  0
       0.122075          0.720889  0
       0.123153          1.463591  -1001
       0.064130          3.622372  -1001
       0.079589         60.083894  0
       0.131695         89.687026  0
       0.109764         87.576871  0
       0.101277          1.606992  -1001
       0.073338          0.328740  0
       0.070209          0.632013  -1001
       0.072439          3.598071  0
       0.089521          0.189968  0
       0.062354          0.482066  -1001
       0.056157          1.668720  -1001
       0.070565          1.711459  0
       0.067899          1.206352  0
       0.079873        112.666880  0
       0.081380        286.482029  0
       0.101969         15.708544  0
       0.120927          8.269381  0
       0.123089        234.899762  0
       0.085238         63.208996  0
       0.099751         93.878766  0
       0.102395        107.864054  0
       0.115432         32.835402  0
       0.087090         96.148300  0
       0.067162          2.094724  0
       0.056441          0.999599  -1001
       0.129809         88.291180  0
       0.051754         29.989036  0
       0.066096          5.822559  0
       0.148900        179.152211  0
       0.112173         86.143957  0
       0.090655          3.078141  0
       0.089010          4.925362  -1001
       0.145852         73.520036  0
       0.073216          0.965965  0
       0.120801        168.632773  0
       0.071249          2.978270  -1001
       0.107266         40.454131  0
       0.125253        203.406710  0
       0.096527         17.043251  0
       0.092234          1.166168  -1001
       0.100268          1.025240  0
       0.076729          0.891236  -1001
       0.096113        137.285785  0
       0.122310          3.536173  0
       0.070195         20.934867  0
       0.165514        206.142068  0
       0.099184        303.950937  0
       0.245376        184.878957  0
       0.069800        223.617308  0
       0.089243         56.388859  0
       0.238270        164.390286  0
       0.131802        215.217801  0
       0.140121         66.034891  0
       0.080372          1.061609  0
       0.192153         45.810286  0
       0.147920         59.651992  0
       0.173235        151.567893  0
       0.093680          2.676318  -1001
       0.133699          7.117573  0
       0.178541         10.391725  0
       0.076886          0.396408  -1001
       0.091974          0.295992  -1001
       0.101019          5.992008  0
       0.087001          0.087076  -1001
       0.223728         14.887918  0
       0.072737         45.308468  0
       0.102104          1.910118  -1001
       0.065521         12.406627  0
       0.146451        147.073788  0
       0.100245          0.664017  0
       0.064645         18.073811  0
       0.072816        146.675316  0
       0.067821          0.470693  0
       0.091317          0.144117  0
       0.092574         50.144562  0
       0.068958          2.228890  0
       0.042550        101.819235  0
       0.077875          0.481077  0
       0.075584          0.375541  -1001
       0.070654          0.679219  -1001
       0.070141          0.871664  -1001
       0.055330          0.736296  0
       0.063452          0.575282  -1001
       0.057150         73.494430  0
       0.075568          0.470035  -1001
       0.056941          0.331415  -1001
       0.156949        206.801244  0
       0.011023          0.999409  -1001
       0.119530        296.340029  0
       0.078662          0.419786  0
       0.089049          0.267847  -1001
       0.060984         44.256618  0
       0.085261          0.356410  0
       0.086923          0.296810  0
       0.072370        172.124978  0
       0.078606          0.457448  0
       0.077807          0.529287  0
       0.053249          1.345481  0
       0.067055          0.582433  0
       0.092551        209.500273  0
       0.274824        218.421692  0
       0.158309        189.359735  0
       0.220958        172.652591  0
       0.073546        112.540467  0
       0.089665         11.896701  0
       0.071465          0.744532  0
       0.081877          8.561974  0
       0.105516         81.074533  0
       0.081430          0.310791  0
       0.079326          0.259509  0
       0.044654          0.226694  -1001
       0.064635          0.937229  -1001
       0.128141          0.517531  -1001
       0.061803         50.214693  0
       0.080712         28.862193  0
       0.138510        163.356942  0
       0.034604          0.999217  -1001
       0.048712          0.452695  0
       0.109514        187.603009  0
       0.097548        147.849646  0
       0.053735        137.414363  0
       0.108934        100.924374  0
       0.128320        136.221125  0
       0.075728          1.743087  0
       0.062136          6.713936  0
       0.111394        390.064866  0
       0.063549          0.503146  0
       0.089494          1.178864  -1001
       0.186756        119.046856  0
       0.080010        174.970087  0
       0.107869        231.354909  0
       0.078776        151.475564  0
       0.072495         58.771991  0
       0.100630         13.529370  0
       0.124324         17.297634  0
       0.074641          2.530189  -1001
       0.080780        201.937100  0
       0.074168          0.389369  0
       0.117686          0.326438  0
       0.083682          1.244052  0
       0.088411         92.255438  0
       0.218353        105.339069  0
       0.381810         66.776494  0
       0.183555         59.220554  0
       0.313504        158.063322  0
       0.063287         98.675952  0
       0.099474          3.263730  0
       0.137454         61.875480  0
       0.115555          0.678252  0
       0.105676        102.893776  0
       0.109750        279.871351  0
       0.069932          3.475276  -1001
       0.299941         60.797574  0
       0.057253          1.667867  -1001
       0.063574          2.643017  0
       0.084034          5.095808  0
       0.095977        186.309073  0
       0.074446          4.284507  -1001
       0.112770          0.113597  -1001
       0.064050        119.220840  0
       0.080687         76.178867  0
       0.145821          2.611184  0
       0.053888        156.845866  0
       0.101298        146.023596  0
       0.183387         95.277202  0
       0.056807          2.016187  -1001
       0.086008          0.856044  0
       0.120847         33.973535  0
       0.087465          4.753988  0
       0.163493         92.235119  0
       0.048533         39.878463  0
       0.069349          0.388398  -1001
       0.222767         26.889754  0
       0.250039         76.309327  0
       0.143233          1.436702  -1001
       0.182545         57.259248  0
       0.126685         96.236878  0
       0.137056         18.469236  0
       0.106334          1.630759  0
       0.110255         16.021011  -996
       0.056617        189.686118  0
       0.078106         51.012482  0
       0.090518          2.637270  0
       0.062135          2.495970  -1001
       0.195346        105.888743  0
       0.059436         19.684683  0
       0.091052          1.749825  0
       0.157113         78.173092  0
       0.105542         40.910793  0
       0.086708        196.628314  0
       0.069463         13.870315  0
       0.065194          0.741558  -1001
       0.349060        138.956422  0
       0.118413         58.036729  0
       0.093833         28.692823  -996
       0.128577        143.660176  0
       0.066832          2.362302  0
       0.208166         10.394828  0
       0.078519          0.419893  0
       0.122125         51.684686  0
       0.297749         44.586021  0
       0.108178          7.978511  0
       0.100045         76.643189  0
       0.084771         13.729287  0
       0.099829        187.564859  0
       0.126322         95.662405  0
       0.084299        193.437803  0
       0.083506          1.357817  0
       0.212121          4.657767  0
       0.181578        105.115252  0
       0.124083          3.450399  0
       0.080632          4.443800  0
       0.094494          0.276690  0
       0.088642          6.263411  0
       0.146745        139.214325  0
       0.152137         42.427645  0
       0.073611         91.226358  0
       0.062975          1.273952  -1001
       0.074634        150.470912  0
       0.082854        175.523457  0
       0.254362         45.930082  0
       0.070258         41.366365  0
       0.126377        473.080322  0
       0.092074        199.007519  0
       0.078591         67.424753  0
       0.140032         40.567582  0
       0.137937        122.799518  0
       0.087279         12.760739  0
       0.078543          0.685486  -1001
       0.068099          0.498647  0
       0.120858        190.028229  0
       0.067190          0.548682  0
       0.068322          2.265471  0
       0.069653          2.549146  0
       0.108785          3.688262  0
       0.094335        155.383814  0
       0.080805         46.939159  0
       0.110237          1.720115  0
       0.119898        121.459101  0
       0.076529        232.249793  0
       0.042865        203.707748  0
       0.192288          1.426572  -1001
       0.104039          1.365578  0
       0.074980         59.436524  0
       0.122980        423.110654  0
       0.073248          2.200570  0
       0.069635        142.625284  0
       0.078515        175.033004  0
       0.200109        156.748890  0
       0.068746        167.760515  0
       0.160587        167.166102  0
       0.077940         70.727234  0
       0.064115         67.306726  0
       0.270917        294.743915  0
       0.092418        479.213822  0
       0.072390          2.218435  0
       0.064672          0.399409  -1001
       0.080137         29.135549  0
       0.091495         75.878634  0
       0.076568        176.620889  0
       0.129485          2.385859  0
       0.075310          0.678062  -1001
       0.066698          2.551015  -1001
       0.092124        201.331447  0
       0.088936          9.313557  0
       0.074239          3.189540  0
       0.064072         43.826569  0
       0.091009        149.418808  0
       0.069309          2.661366  0
       0.134931        191.158009  0
       0.067050          1.114548  0
       0.073932        186.611079  0
       0.067381          3.716342  0
       0.093315         52.256969  0
       0.081259          3.891271  -1001
       0.219757          4.004119  0
       0.109769        212.003535  0
       0.113009          1.838799  0
       0.099882         10.339617  0
       0.084945        113.226600  0
       0.171156        127.284525  0
       0.148776        214.021214  0
       0.067192         25.512953  0
       0.104241        199.435249  0
       0.176285        168.097519  0
       0.078179          1.306582  -1001
       0.093660        140.423037  0
       0.151635        172.188364  0
       0.100825         54.180978  0
       0.113026        157.970251  0
       0.079096        121.800392  0
       0.082354          4.443352  0
       0.122230          1.219246  0
       0.086979          0.408401  0
       0.137932         26.239750  0
       0.104492          6.635029  0
       0.072691        162.276145  0
       0.209786        201.680912  0
       0.123453        103.811460  0
       0.083835          2.430503  0
       0.069980          0.415613  0
       0.071284          3.693149  -1001
       0.061763          9.580227  0
       0.076232        121.356558  0
       0.073962        228.305984  0
       0.086722        101.536154  0
       0.152158         95.094611  0
       0.097766         39.744525  0
       0.057471        440.087639  0
       0.068710          2.323331  -1001
       0.119505         53.035885  0
       0.088444         47.999282  0
       0.119811          0.163406  0
       0.173086          7.688221  0
       0.094049        322.946938  0
       0.091832         10.385865  0
       0.076202         76.355493  0
       0.108629        278.227610  0
       0.115332         64.792511  0
       0.108502         52.578351  0
       0.139435        196.110783  0
       0.222751        112.156344  0
       0.083397          7.639439  0
       0.117275         32.891237  0
       0.116854        186.450882  0
       0.080244         86.003023  0
       0.088172        205.021384  0
       0.107193        162.708760  0
       0.178036        147.952649  0
       0.152396        135.823121  0
       0.081041          3.734468  0
       0.080385         36.758909  0
       0.171562        187.155904  0
       0.069448        152.899784  0
       0.102545        123.464130  0
       0.102391        115.307727  0
       0.215582        194.461559  0
       0.065864         51.661679  0
       0.074000         90.357418  0
       0.151106        153.996790  0
       0.065461          0.926636  0
       0.114628        357.699034  0
       0.075419         79.341008  0
       0.050145        103.580419  0
       0.098904         17.340746  0
       0.343455        171.296241  0
       0.116604        100.214154  0
       0.064794         54.385912  0
       0.165440         28.876044  0
       0.080889          0.645637  -1001
       0.097577         78.448600  0
       0.054285        216.986210  0
       0.076636          0.517149  0
       0.087311        175.903884  0
       0.116927        108.469410  0
       0.087596        256.284152  0
       0.073421         23.112507  0
       0.081711          1.936595  -1001
       0.198658         78.157914  0
       0.257210         84.163969  0
       0.143993         33.386060  0
       0.108873          4.441653  0
       0.093830         81.299971  0
       0.066022        105.364788  0
       0.102141         27.352422  0
       0.186380        173.269946  0
       0.084108        150.383986  0
       0.066623          2.455989  -1001
       0.090359        156.257840  0
       0.072923         35.884602  0
       0.067025          3.909842  0
       0.109087        145.778913  0
       0.036505         79.991690  0
       0.163347        122.445373  0
       0.065598          1.391606  0
       0.145890         93.028992  0
       0.239995         82.310820  0
       0.085913         95.869385  0
       0.061633        253.055001  0
       0.096182         16.817982  0
       0.101392          9.256072  0
       0.081432        165.194126  0
       0.107064        121.526060  0
       0.073409          0.758407  0
       0.084169         37.079079  0
       0.076853         24.544832  0
       0.095789         75.423823  0
       0.103095        137.719656  0
       0.065645        168.006764  0
       0.073504          0.927817  -1001
       0.244527          4.918597  0
       0.074590          6.139530  0
       0.093431        173.512759  0
       0.068888         77.789514  0
       0.064273          0.823450  0
       0.064633          3.859920  -1001
       0.104097         83.442471  0
       0.172124        103.215852  0
       0.090376          1.384198  -1001
       0.151240         11.852050  0
       0.067170          4.132258  0
       0.089376        148.225647  0
       0.063992          9.473701  0
       0.078128          1.408656  0
       0.080434          0.242998  -1001
       0.075722         15.169154  0
       0.095864        557.357056  0
       0.053264        195.806306  0
       0.079894         81.596744  0
       0.090155        178.765444  0
       0.164739          1.894235  0
       0.156629         29.090819  0
       0.149114        121.763944  0
       0.129990         31.678906  0
       0.097734          2.389087  0
       0.212239        150.313394  0
       0.080215          4.440039  -1001
       0.068824          9.975412  0
       0.087411          0.618066  0
       0.107280          6.138498  0
       0.093530        193.830323  0
       0.024394          1.308744  0
       0.081253         15.787253  -996
       0.086906          1.445495  0
       0.077181          9.191396  0
       0.068971          0.608428  0
       0.139492         28.126793  0
       0.071779          4.476560  0
       0.086631          7.217914  0
       0.078398          1.045605  0
       0.078234        182.681681  0
       0.082111          6.114765  0
       0.122823         90.622430  0
       0.066977          0.913472  0
       0.070894          0.338353  -1001
       0.109780          5.836046  -1001
       0.101805         82.818160  0
       0.064348          1.989361  -1001
       0.071141          0.502668  0
       0.068412          2.551195  0
       0.075771          2.719686  -1001
       0.077449        122.128246  0
       0.126940         41.118472  0
       0.083070        233.884957  0
       0.112141         53.041886  0
       0.115190        181.259014  0
       0.080136        135.561858  0
       0.111096         46.106148  0
       0.058968        121.936808  0
       0.064909         16.670234  0
       0.067303          1.403947  -1001
       0.091618          5.854778  0
       0.149615         35.293290  0
       0.069253        230.478903  0
       0.078249          0.412439  0
       0.073700        180.139670  0
       0.055282         70.760189  0
       0.062548          0.483603  0
       0.110082         30.639568  -996
       0.101588          1.879287  -1001
       0.078657          6.140467  0
       0.095264        117.164093  0
       0.076821         46.068227  0
       0.077518          2.525596  0
       0.107297        177.747953  0
       0.088542          5.088724  -1001
       0.072965          1.885485  0
       0.127986          1.915230  -1001
       0.112681        137.504803  0
       0.099324         59.761295  0
       0.074460          6.237269  0
       0.306105         79.276290  0
       0.082477          7.379565  0
       0.097676         34.863428  0
       0.072890          0.882076  0
       0.075120          0.758091  -1001
       0.073293         82.952843  0
       0.065402         51.645868  0
       0.076694        204.243616  0
       0.116283          0.553317  0
       0.112889         11.548167  0
       0.089899          7.621466  0
       0.104606          1.589619  0
       0.087416          8.895600  0
       0.084064         17.746586  0
       0.063920         99.165581  0
       0.061743          0.755818  0
       0.168954          3.447362  0
       0.127618          0.639830  0
       0.055242          2.595792  0
       0.033698        153.032335  0
       0.097999          2.551648  -1001
       0.084981         20.144427  0
       0.064951        151.637097  0
       0.100842        137.449975  0
       0.076301          1.970927  0
       0.069316         28.348909  0
       0.153613        140.193672  0
       0.108025        116.702027  0
       0.108185        184.240805  0
       0.337034         96.408862  0
       0.074104         13.748898  0
       0.103129         95.837787  0
       0.201183        158.668950  0
       0.079303          6.702043  0
       0.081529          1.301154  0
       0.125037        103.236359  0
       0.060254        121.017492  0
       0.081353          0.539178  0
       0.083787         35.580284  0
       0.109239        104.655237  0
       0.039231        105.144761  0
       0.128126          1.517873  0
       0.030770          0.999117  -1001
       0.084505          0.460185  -1001
       0.049240         50.894611  0
       0.070005          1.887504  0
       0.090082        117.502515  0
       0.081350          1.190250  0
       0.137404         93.215843  0
       0.271612        159.747020  0
       0.065333          9.481127  0
       0.068682         50.593971  0
       0.127157        186.634333  0
       0.054599          2.468873  0
       0.123387        159.183477  0
       0.062753          1.159815  0
       0.150630        152.611296  0
       0.082845         14.239570  0
       0.123991        201.029199  0
       0.061457        157.845101  0
       0.124371        148.108801  0
       0.083700        120.936139  0
       0.105998         10.770066  0
       0.105262          0.472571  -1001
       0.315636         41.073695  0
       0.048322         45.636362  -1001
       0.107442         86.381203  0
       0.085461          6.808881  0
       0.152692         11.160595  0
       0.104563          1.156747  0
       0.098715          4.467614  -1001
       0.143977          3.116714  0
       0.081914         67.524106  0
       0.147961        176.615561  0
       0.112933         72.551700  0
       0.114021        215.689899  0
       0.102837        277.881414  0
       0.099352          2.441596  -1001
       0.171226        155.313524  0
       0.111592         44.264826  0
       0.067922          1.979500  0
       0.102869        175.328773  0
       0.060566        209.931084  0
       0.150600        145.719964  0
       0.189829         46.800979  0
       0.080635          1.232521  0
       0.126146        181.374432  0
       0.056419         60.847668  0
       0.083178          1.402002  -1001
       0.238066        168.353009  0
       0.081177        123.104677  0
       0.085077          2.376785  0
       0.122584        215.782239  0
       0.241060        360.422560  0
       0.055601        169.173932  0
       0.109922          9.985452  0
       0.103332          6.141463  0
       0.071102          8.677329  0
       0.048338          8.344554  0
       0.151240        160.223849  0
       0.079360        216.678240  0
       0.118195         18.965926  0
       0.085177        125.894333  0
       0.200884        133.848734  0
       0.120152         36.193812  0
       0.066384          1.511895  0
       0.076569          4.516907  -1001
       0.101094         90.947269  0
       0.130654          5.007445  0
       0.085302          0.922049  0
       0.083309        128.881046  0
       0.091081          3.241573  0
       0.068999        178.135693  0
       0.061072          1.108516  0
       0.129423          1.310501  -1001
       0.125684         31.043532  0
       0.120288        162.284772  0
       0.069356        141.484422  0
       0.072737          1.616049  0
       0.260455         77.591788  0
       0.093892        271.237799  0
       0.127474        115.991000  0
       0.072345          0.730753  -1001
